70	2	64	4.494	2.423	0.150	0.102	0.121	0.085	0.459	1.250	54.746
70	3	64	4.494	3.464	0.150	0.129	0.156	0.085	0.459	2.275	54.746
70	5	64	4.494	5.546	0.150	0.182	0.228	0.085	0.459	5.126	54.746
70	6	64	4.494	6.587	0.150	0.208	0.263	0.085	0.459	6.952	54.746
70	7	64	4.494	7.628	0.150	0.235	0.299	0.085	0.459	9.044	54.746
70	8	64	4.494	8.669	0.150	0.261	0.335	0.085	0.459	11.404	54.746
70	9	64	4.494	9.710	0.150	0.288	0.370	0.085	0.459	14.030	54.746
70	10	64	4.494	10.751	0.150	0.314	0.406	0.085	0.459	16.923	54.746
70	11	64	4.494	11.792	0.150	0.341	0.442	0.085	0.459	20.083	54.746
70	12	64	4.494	12.833	0.150	0.367	0.477	0.085	0.459	23.510	54.746
70	13	64	4.494	13.874	0.150	0.394	0.513	0.085	0.459	27.203	54.746
70	2	128	8.950	8.212	0.150	0.120	0.121	0.085	0.459	2.449	54.746
70	3	128	8.950	11.978	0.150	0.155	0.156	0.085	0.459	4.473	54.746
70	5	128	8.950	19.510	0.150	0.225	0.228	0.085	0.459	10.121	54.746
70	6	128	8.950	23.276	0.150	0.260	0.263	0.085	0.459	13.746	54.746
70	7	128	8.950	27.042	0.150	0.296	0.299	0.085	0.459	17.903	54.746
70	8	128	8.950	30.808	0.150	0.331	0.335	0.085	0.459	22.594	54.746
70	9	128	8.950	34.575	0.150	0.366	0.370	0.085	0.459	27.818	54.746
70	10	128	8.950	38.341	0.150	0.401	0.406	0.085	0.459	33.575	54.746
70	11	128	8.950	42.107	0.150	0.436	0.442	0.085	0.459	39.866	54.746
70	12	128	8.950	45.873	0.150	0.472	0.477	0.085	0.459	46.690	54.746
70	13	128	8.950	49.639	0.150	0.507	0.513	0.085	0.459	54.047	54.746
70	2	205	14.309	19.640	0.150	0.141	0.121	0.085	0.459	3.891	54.746
70	3	205	14.309	28.917	0.150	0.186	0.156	0.085	0.459	7.117	54.746
70	5	205	14.309	47.470	0.150	0.277	0.228	0.085	0.459	16.131	54.746
70	6	205	14.309	56.747	0.150	0.323	0.263	0.085	0.459	21.919	54.746
70	7	205	14.309	66.023	0.150	0.369	0.299	0.085	0.459	28.561	54.746
70	8	205	14.309	75.300	0.150	0.414	0.335	0.085	0.459	36.056	54.746
70	9	205	14.309	84.407	0.150	0.460	0.370	0.085	0.459	44.406	54.746
70	10	205	14.309	93.665	0.150	0.506	0.406	0.085	0.459	53.609	54.746
70	11	205	14.309	102.923	0.150	0.551	0.442	0.085	0.459	63.667	54.746
70	12	205	14.309	112.119	0.150	0.597	0.477	0.085	0.459	74.578	54.746
70	13	205	14.309	121.309	0.150	0.643	0.513	0.085	0.459	86.343	54.746
70	2	256	17.858	29.893	0.150	0.154	0.121	0.085	0.459	4.846	54.746
70	3	256	17.858	44.162	0.150	0.207	0.156	0.085	0.459	8.868	54.746
70	5	256	17.858	72.699	0.150	0.312	0.228	0.085	0.459	20.112	54.746
70	6	256	17.858	86.967	0.150	0.365	0.263	0.085	0.459	27.333	54.746
70	7	256	17.858	101.236	0.150	0.417	0.299	0.085	0.459	35.620	54.746
70	8	256	17.858	115.270	0.150	0.470	0.335	0.085	0.459	44.973	54.746
70	9	256	17.858	129.501	0.150	0.522	0.370	0.085	0.459	55.393	54.746
70	10	256	17.858	143.635	0.150	0.575	0.406	0.085	0.459	66.879	54.746
70	11	256	17.858	157.769	0.150	0.628	0.442	0.085	0.459	79.431	54.746
70	12	256	17.858	171.902	0.150	0.680	0.477	0.085	0.459	93.049	54.746
70	13	256	17.858	186.036	0.150	0.733	0.513	0.085	0.459	107.734	54.746
70	2	341	23.774	51.735	0.150	0.177	0.121	0.085	0.459	6.438	54.746
70	3	341	23.774	76.700	0.150	0.242	0.156	0.085	0.459	11.787	54.746
70	5	341	23.774	126.629	0.150	0.370	0.228	0.085	0.459	26.746	54.746
70	6	341	23.774	151.283	0.150	0.434	0.263	0.085	0.459	36.355	54.746
70	7	341	23.774	176.146	0.150	0.498	0.299	0.085	0.459	47.385	54.746
70	8	341	23.774	200.873	0.150	0.562	0.335	0.085	0.459	59.835	54.746
70	9	341	23.774	225.599	0.150	0.626	0.370	0.085	0.459	73.705	54.746
70	10	341	23.774	250.325	0.150	0.690	0.406	0.085	0.459	88.995	54.746
70	11	341	23.774	275.052	0.150	0.754	0.442	0.085	0.459	105.705	54.746
70	12	341	23.774	299.778	0.150	0.819	0.477	0.085	0.459	123.835	54.746
70	13	341	23.774	324.504	0.150	0.883	0.513	0.085	0.459	143.385	54.746
70	2	512	35.676	113.674	0.150	0.224	0.121	0.085	0.459	9.641	54.746
70	3	512	35.676	169.156	0.150	0.311	0.156	0.085	0.459	17.659	54.746
70	5	512	35.676	279.332	0.150	0.486	0.228	0.085	0.459	40.092	54.746
70	6	512	35.676	334.279	0.150	0.573	0.263	0.085	0.459	54.507	54.746
70	7	512	35.676	389.226	0.150	0.660	0.299	0.085	0.459	71.054	54.746
70	8	512	35.676	444.174	0.150	0.748	0.335	0.085	0.459	89.732	54.746
70	9	512	35.676	499.121	0.150	0.835	0.370	0.085	0.459	110.543	54.746
70	10	512	35.676	554.068	0.150	0.922	0.406	0.085	0.459	133.486	54.746
70	11	512	35.676	609.015	0.150	1.010	0.442	0.085	0.459	158.561	54.746
70	12	512	35.676	663.962	0.150	1.097	0.477	0.085	0.459	185.768	54.746
70	13	512	35.676	718.910	0.150	1.184	0.513	0.085	0.459	215.108	54.746
70	2	1024	71.312	441.981	0.150	0.363	0.121	0.085	0.459	19.230	54.746
70	3	1024	71.311	659.033	0.150	0.520	0.156	0.085	0.459	35.241	54.746
70	5	1024	71.311	1092.260	0.150	0.833	0.228	0.085	0.459	80.053	54.746
70	6	1024	71.312	1308.880	0.150	0.990	0.263	0.085	0.459	108.855	54.746
70	7	1024	71.311	1525.490	0.150	1.147	0.299	0.085	0.459	141.921	54.746
70	8	1024	71.312	1742.110	0.150	1.304	0.335	0.085	0.459	179.251	54.746
70	9	1024	71.311	1958.720	0.150	1.460	0.370	0.085	0.459	220.844	54.746
70	10	1024	71.312	2175.330	0.150	1.617	0.406	0.085	0.459	266.701	54.746
70	11	1024	71.311	2391.950	0.150	1.774	0.442	0.085	0.459	316.822	54.746
70	12	1024	71.312	2608.560	0.150	1.931	0.477	0.085	0.459	371.207	54.746
70	13	1024	71.311	2825.180	0.150	2.088	0.513	0.085	0.459	429.855	54.746
70	2	131	9.158	8.566	0.150	0.120	0.121	0.085	0.459	2.505	54.746
70	3	131	9.158	12.501	0.150	0.156	0.156	0.085	0.459	4.576	54.746
70	5	131	9.158	20.371	0.150	0.227	0.228	0.085	0.459	10.356	54.746
70	6	131	9.158	24.306	0.150	0.263	0.263	0.085	0.459	14.064	54.746
70	7	131	9.158	28.242	0.150	0.298	0.299	0.085	0.459	18.318	54.746
70	8	131	9.158	32.177	0.150	0.334	0.335	0.085	0.459	23.118	54.746
70	9	131	9.158	36.112	0.150	0.370	0.370	0.085	0.459	28.464	54.746
70	10	131	9.158	40.047	0.150	0.405	0.406	0.085	0.459	34.356	54.746
70	11	131	9.158	43.982	0.150	0.441	0.442	0.085	0.459	40.793	54.746
70	12	131	9.158	47.918	0.150	0.477	0.477	0.085	0.459	47.776	54.746
70	13	131	9.158	51.853	0.150	0.512	0.513	0.085	0.459	55.305	54.746
70	2	171	11.942	13.993	0.150	0.131	0.121	0.085	0.459	3.254	54.746
70	3	171	11.942	20.535	0.150	0.172	0.156	0.085	0.459	5.949	54.746
70	5	171	11.942	33.621	0.150	0.254	0.228	0.085	0.459	13.477	54.746
70	6	171	11.942	40.164	0.150	0.295	0.263	0.085	0.459	18.310	54.746
70	7	171	11.942	46.707	0.150	0.336	0.299	0.085	0.459	23.855	54.746
70	8	171	11.942	53.250	0.150	0.378	0.335	0.085	0.459	30.112	54.746
70	9	171	11.942	59.793	0.150	0.419	0.370	0.085	0.459	37.081	54.746
70	10	171	11.942	66.336	0.150	0.460	0.406	0.085	0.459	44.763	54.746
70	11	171	11.942	72.734	0.150	0.501	0.442	0.085	0.459	53.157	54.746
70	12	171	11.942	79.264	0.150	0.542	0.477	0.085	0.459	62.264	54.746
70	13	171	11.942	85.793	0.150	0.583	0.513	0.085	0.459	72.082	54.746
70	2	302	21.060	40.976	0.150	0.167	0.121	0.085	0.459	5.708	54.746
70	3	302	21.060	60.664	0.150	0.226	0.156	0.085	0.459	10.448	54.746
70	5	302	21.060	100.041	0.150	0.343	0.228	0.085	0.459	23.702	54.746
70	6	302	21.060	119.729	0.150	0.402	0.263	0.085	0.459	32.215	54.746
70	7	302	21.060	139.133	0.150	0.461	0.299	0.085	0.459	41.987	54.746
70	8	302	21.060	158.720	0.150	0.520	0.335	0.085	0.459	53.016	54.746
70	9	302	21.060	178.221	0.150	0.579	0.370	0.085	0.459	65.303	54.746
70	10	302	21.060	197.722	0.150	0.637	0.406	0.085	0.459	78.847	54.746
70	11	302	21.060	217.223	0.150	0.696	0.442	0.085	0.459	93.650	54.746
70	12	302	21.060	236.724	0.150	0.755	0.477	0.085	0.459	109.710	54.746
70	13	302	21.060	256.224	0.150	0.814	0.513	0.085	0.459	127.027	54.746
50	2	64	3.820	1.962	0.096	0.083	0.098	0.069	0.310	1.125	34.499
50	3	64	3.820	2.806	0.096	0.104	0.127	0.069	0.310	2.048	34.499
50	5	64	3.820	4.492	0.096	0.147	0.184	0.069	0.310	4.614	34.499
50	6	64	3.820	5.335	0.096	0.169	0.213	0.069	0.310	6.257	34.499
50	7	64	3.820	6.179	0.096	0.190	0.242	0.069	0.310	8.140	34.499
50	8	64	3.820	7.022	0.096	0.212	0.271	0.069	0.310	10.264	34.499
50	9	64	3.820	7.865	0.096	0.233	0.300	0.069	0.310	12.627	34.499
50	10	64	3.820	8.708	0.096	0.255	0.329	0.069	0.310	15.231	34.499
50	11	64	3.820	9.552	0.096	0.276	0.358	0.069	0.310	18.075	34.499
50	12	64	3.820	10.395	0.096	0.298	0.387	0.069	0.310	21.159	34.499
50	13	64	3.820	11.238	0.096	0.319	0.415	0.069	0.310	24.483	34.499
50	2	128	7.609	6.651	0.096	0.097	0.098	0.069	0.310	2.204	34.499
50	3	128	7.609	9.702	0.096	0.125	0.127	0.069	0.310	4.026	34.499
50	5	128	7.609	15.803	0.096	0.182	0.184	0.069	0.310	9.109	34.499
50	6	128	7.609	18.854	0.096	0.211	0.213	0.069	0.310	12.371	34.499
50	7	128	7.609	21.904	0.096	0.239	0.242	0.069	0.310	16.113	34.499
50	8	128	7.609	24.955	0.096	0.268	0.271	0.069	0.310	20.334	34.499
50	9	128	7.609	28.005	0.096	0.296	0.300	0.069	0.310	25.036	34.499
50	10	128	7.609	31.056	0.096	0.325	0.329	0.069	0.310	30.218	34.499
50	11	128	7.609	34.107	0.096	0.354	0.358	0.069	0.310	35.879	34.499
50	12	128	7.609	37.157	0.096	0.382	0.387	0.069	0.310	42.021	34.499
50	13	128	7.609	40.208	0.096	0.411	0.415	0.069	0.310	48.642	34.499
50	2	205	12.167	15.908	0.096	0.114	0.098	0.069	0.310	3.502	34.499
50	3	205	12.167	23.422	0.096	0.151	0.127	0.069	0.310	6.405	34.499
50	5	205	12.167	38.451	0.096	0.225	0.184	0.069	0.310	14.518	34.499
50	6	205	12.167	45.965	0.096	0.262	0.213	0.069	0.310	19.727	34.499
50	7	205	12.167	53.479	0.096	0.299	0.242	0.069	0.310	25.705	34.499
50	8	205	12.167	60.993	0.096	0.336	0.271	0.069	0.310	32.451	34.499
50	9	205	12.167	68.370	0.096	0.373	0.300	0.069	0.310	39.965	34.499
50	10	205	12.167	75.869	0.096	0.410	0.329	0.069	0.310	48.248	34.499
50	11	205	12.167	83.367	0.096	0.447	0.358	0.069	0.310	57.300	34.499
50	12	205	12.167	90.816	0.096	0.484	0.387	0.069	0.310	67.120	34.499
50	13	205	12.167	98.260	0.096	0.521	0.415	0.069	0.310	77.709	34.499
50	2	256	15.185	24.214	0.096	0.125	0.098	0.069	0.310	4.361	34.499
50	3	256	15.185	35.771	0.096	0.168	0.127	0.069	0.310	7.981	34.499
50	5	256	15.185	58.886	0.096	0.253	0.184	0.069	0.310	18.100	34.499
50	6	256	15.185	70.444	0.096	0.295	0.213	0.069	0.310	24.599	34.499
50	7	256	15.185	82.001	0.096	0.338	0.242	0.069	0.310	32.058	34.499
50	8	256	15.185	93.369	0.096	0.381	0.271	0.069	0.310	40.476	34.499
50	9	256	15.185	104.896	0.096	0.423	0.300	0.069	0.310	49.854	34.499
50	10	256	15.185	116.344	0.096	0.466	0.329	0.069	0.310	60.191	34.499
50	11	256	15.185	127.793	0.096	0.508	0.358	0.069	0.310	71.488	34.499
50	12	256	15.185	139.241	0.096	0.551	0.387	0.069	0.310	83.744	34.499
50	13	256	15.185	150.689	0.096	0.593	0.415	0.069	0.310	96.960	34.499
50	2	341	20.216	41.905	0.096	0.144	0.098	0.069	0.310	5.794	34.499
50	3	341	20.216	62.127	0.096	0.196	0.127	0.069	0.310	10.608	34.499
50	5	341	20.216	102.569	0.096	0.300	0.184	0.069	0.310	24.071	34.499
50	6	341	20.216	122.540	0.096	0.351	0.213	0.069	0.310	32.720	34.499
50	7	341	20.216	142.678	0.096	0.403	0.242	0.069	0.310	42.646	34.499
50	8	341	20.216	162.707	0.096	0.455	0.271	0.069	0.310	53.851	34.499
50	9	341	20.216	182.735	0.096	0.507	0.300	0.069	0.310	66.334	34.499
50	10	341	20.216	202.763	0.096	0.559	0.329	0.069	0.310	80.095	34.499
50	11	341	20.216	222.792	0.096	0.611	0.358	0.069	0.310	95.134	34.499
50	12	341	20.216	242.820	0.096	0.663	0.387	0.069	0.310	111.451	34.499
50	13	341	20.216	262.849	0.096	0.715	0.415	0.069	0.310	129.047	34.499
50	2	512	30.338	92.076	0.096	0.181	0.098	0.069	0.310	8.677	34.499
50	3	512	30.338	137.016	0.096	0.252	0.127	0.069	0.310	15.893	34.499
50	5	512	30.338	226.259	0.096	0.393	0.184	0.069	0.310	36.083	34.499
50	6	512	30.338	270.766	0.096	0.464	0.213	0.069	0.310	49.056	34.499
50	7	512	30.338	315.273	0.096	0.535	0.242	0.069	0.310	63.948	34.499
50	8	512	30.338	359.781	0.096	0.606	0.271	0.069	0.310	80.759	34.499
50	9	512	30.338	404.288	0.096	0.676	0.300	0.069	0.310	99.489	34.499
50	10	512	30.338	448.795	0.096	0.747	0.329	0.069	0.310	120.138	34.499
50	11	512	30.338	493.302	0.096	0.818	0.358	0.069	0.310	142.705	34.499
50	12	512	30.338	537.810	0.096	0.889	0.387	0.069	0.310	167.192	34.499
50	13	512	30.338	582.317	0.096	0.959	0.415	0.069	0.310	193.597	34.499
50	2	1024	60.643	358.005	0.096	0.294	0.098	0.069	0.310	17.307	34.499
50	3	1024	60.642	533.817	0.096	0.421	0.127	0.069	0.310	31.717	34.499
50	5	1024	60.642	884.732	0.096	0.675	0.184	0.069	0.310	72.048	34.499
50	6	1024	60.642	1060.190	0.096	0.802	0.213	0.069	0.310	97.970	34.499
50	7	1024	60.642	1235.650	0.096	0.929	0.242	0.069	0.310	127.729	34.499
50	8	1024	60.642	1411.110	0.096	1.056	0.271	0.069	0.310	161.325	34.499
50	9	1024	60.642	1586.560	0.096	1.183	0.300	0.069	0.310	198.760	34.499
50	10	1024	60.642	1762.020	0.096	1.310	0.329	0.069	0.310	240.031	34.499
50	11	1024	60.642	1937.480	0.096	1.437	0.358	0.069	0.310	285.140	34.499
50	12	1024	60.642	2112.940	0.096	1.564	0.387	0.069	0.310	334.086	34.499
50	13	1024	60.642	2288.390	0.096	1.691	0.415	0.069	0.310	386.870	34.499
50	2	131	7.787	6.938	0.096	0.098	0.098	0.069	0.310	2.254	34.499
50	3	131	7.787	10.126	0.096	0.126	0.127	0.069	0.310	4.118	34.499
50	5	131	7.787	16.501	0.096	0.184	0.184	0.069	0.310	9.320	34.499
50	6	131	7.787	19.688	0.096	0.213	0.213	0.069	0.310	12.658	34.499
50	7	131	7.787	22.876	0.096	0.242	0.242	0.069	0.310	16.486	34.499
50	8	131	7.787	26.063	0.096	0.271	0.271	0.069	0.310	20.806	34.499
50	9	131	7.787	29.251	0.096	0.299	0.300	0.069	0.310	25.618	34.499
50	10	131	7.787	32.438	0.096	0.328	0.329	0.069	0.310	30.920	34.499
50	11	131	7.787	35.626	0.096	0.357	0.358	0.069	0.310	36.714	34.499
50	12	131	7.787	38.813	0.096	0.386	0.387	0.069	0.310	42.999	34.499
50	13	131	7.787	42.001	0.096	0.415	0.415	0.069	0.310	49.775	34.499
50	2	171	10.154	11.334	0.096	0.106	0.098	0.069	0.310	2.929	34.499
50	3	171	10.154	16.634	0.096	0.140	0.127	0.069	0.310	5.355	34.499
50	5	171	10.154	27.233	0.096	0.206	0.184	0.069	0.310	12.130	34.499
50	6	171	10.154	32.533	0.096	0.239	0.213	0.069	0.310	16.479	34.499
50	7	171	10.154	37.833	0.096	0.273	0.242	0.069	0.310	21.469	34.499
50	8	171	10.154	43.133	0.096	0.306	0.271	0.069	0.310	27.101	34.499
50	9	171	10.154	48.432	0.096	0.339	0.300	0.069	0.310	33.373	34.499
50	10	171	10.154	53.732	0.096	0.372	0.329	0.069	0.310	40.287	34.499
50	11	171	10.154	58.914	0.096	0.406	0.358	0.069	0.310	47.841	34.499
50	12	171	10.154	64.203	0.096	0.439	0.387	0.069	0.310	56.037	34.499
50	13	171	10.154	69.493	0.096	0.472	0.415	0.069	0.310	64.874	34.499
50	2	302	17.908	33.191	0.096	0.135	0.098	0.069	0.310	5.137	34.499
50	3	302	17.908	49.138	0.096	0.183	0.127	0.069	0.310	9.403	34.499
50	5	302	17.908	81.033	0.096	0.278	0.184	0.069	0.310	21.332	34.499
50	6	302	17.908	96.980	0.096	0.326	0.213	0.069	0.310	28.994	34.499
50	7	302	17.908	112.697	0.096	0.373	0.242	0.069	0.310	37.788	34.499
50	8	302	17.908	128.563	0.096	0.421	0.271	0.069	0.310	47.714	34.499
50	9	302	17.908	144.359	0.096	0.469	0.300	0.069	0.310	58.772	34.499
50	10	302	17.908	160.154	0.096	0.516	0.329	0.069	0.310	70.963	34.499
50	11	302	17.908	175.950	0.096	0.564	0.358	0.069	0.310	84.285	34.499
50	12	302	17.908	191.746	0.096	0.612	0.387	0.069	0.310	98.739	34.499
50	13	302	17.908	207.542	0.096	0.659	0.415	0.069	0.310	114.325	34.499
35	2	64	3.196	1.551	0.062	0.065	0.077	0.054	0.212	1.000	21.411
35	3	64	3.196	2.217	0.062	0.082	0.100	0.054	0.212	1.820	21.411
35	5	64	3.196	3.549	0.062	0.116	0.146	0.054	0.212	4.101	21.411
35	6	64	3.196	4.216	0.062	0.133	0.168	0.054	0.212	5.562	21.411
35	7	64	3.196	4.882	0.062	0.150	0.191	0.054	0.212	7.236	21.411
35	8	64	3.196	5.548	0.062	0.167	0.214	0.054	0.212	9.123	21.411
35	9	64	3.196	6.214	0.062	0.184	0.237	0.054	0.212	11.224	21.411
35	10	64	3.196	6.881	0.062	0.201	0.260	0.054	0.212	13.539	21.411
35	11	64	3.196	7.547	0.062	0.218	0.283	0.054	0.212	16.066	21.411
35	12	64	3.196	8.213	0.062	0.235	0.305	0.054	0.212	18.808	21.411
35	13	64	3.196	8.880	0.062	0.252	0.328	0.054	0.212	21.763	21.411
35	2	128	6.368	5.255	0.062	0.077	0.077	0.054	0.212	1.959	21.411
35	3	128	6.368	7.666	0.062	0.099	0.100	0.054	0.212	3.578	21.411
35	5	128	6.368	12.486	0.062	0.144	0.146	0.054	0.212	8.097	21.411
35	6	128	6.368	14.897	0.062	0.167	0.168	0.054	0.212	10.996	21.411
35	7	128	6.368	17.307	0.062	0.189	0.191	0.054	0.212	14.322	21.411
35	8	128	6.368	19.717	0.062	0.212	0.214	0.054	0.212	18.075	21.411
35	9	128	6.368	22.128	0.062	0.234	0.237	0.054	0.212	22.254	21.411
35	10	128	6.368	24.538	0.062	0.257	0.260	0.054	0.212	26.860	21.411
35	11	128	6.368	26.948	0.062	0.279	0.283	0.054	0.212	31.893	21.411
35	12	128	6.368	29.359	0.062	0.302	0.305	0.054	0.212	37.352	21.411
35	13	128	6.368	31.769	0.062	0.324	0.328	0.054	0.212	43.237	21.411
35	2	205	10.183	12.570	0.062	0.090	0.077	0.054	0.212	3.113	21.411
35	3	205	10.183	18.507	0.062	0.119	0.100	0.054	0.212	5.694	21.411
35	5	205	10.183	30.381	0.062	0.178	0.146	0.054	0.212	12.905	21.411
35	6	205	10.183	36.318	0.062	0.207	0.168	0.054	0.212	17.535	21.411
35	7	205	10.183	42.255	0.062	0.236	0.191	0.054	0.212	22.849	21.411
35	8	205	10.183	48.192	0.062	0.265	0.214	0.054	0.212	28.845	21.411
35	9	205	10.183	54.021	0.062	0.294	0.237	0.054	0.212	35.525	21.411
35	10	205	10.183	59.946	0.062	0.324	0.260	0.054	0.212	42.887	21.411
35	11	205	10.183	65.871	0.062	0.353	0.283	0.054	0.212	50.933	21.411
35	12	205	10.183	71.756	0.062	0.382	0.305	0.054	0.212	59.662	21.411
35	13	205	10.183	77.638	0.062	0.411	0.328	0.054	0.212	69.074	21.411
35	2	256	12.709	19.132	0.062	0.099	0.077	0.054	0.212	3.877	21.411
35	3	256	12.709	28.264	0.062	0.132	0.100	0.054	0.212	7.095	21.411
35	5	256	12.709	46.527	0.062	0.200	0.146	0.054	0.212	16.089	21.411
35	6	256	12.709	55.659	0.062	0.233	0.168	0.054	0.212	21.866	21.411
35	7	256	12.709	64.791	0.062	0.267	0.191	0.054	0.212	28.496	21.411
35	8	256	12.709	73.773	0.062	0.301	0.214	0.054	0.212	35.979	21.411
35	9	256	12.709	82.881	0.062	0.334	0.237	0.054	0.212	44.314	21.411
35	10	256	12.709	91.926	0.062	0.368	0.260	0.054	0.212	53.503	21.411
35	11	256	12.709	100.972	0.062	0.402	0.283	0.054	0.212	63.545	21.411
35	12	256	12.709	110.017	0.062	0.435	0.305	0.054	0.212	74.439	21.411
35	13	256	12.709	119.063	0.062	0.469	0.328	0.054	0.212	86.187	21.411
35	2	341	16.921	33.111	0.062	0.114	0.077	0.054	0.212	5.150	21.411
35	3	341	16.921	49.088	0.062	0.155	0.100	0.054	0.212	9.430	21.411
35	5	341	16.921	81.043	0.062	0.237	0.146	0.054	0.212	21.397	21.411
35	6	341	16.921	96.821	0.062	0.278	0.168	0.054	0.212	29.084	21.411
35	7	341	16.921	112.734	0.062	0.319	0.191	0.054	0.212	37.908	21.411
35	8	341	16.921	128.558	0.062	0.360	0.214	0.054	0.212	47.868	21.411
35	9	341	16.921	144.383	0.062	0.401	0.237	0.054	0.212	58.964	21.411
35	10	341	16.921	160.208	0.062	0.442	0.260	0.054	0.212	71.196	21.411
35	11	341	16.921	176.033	0.062	0.483	0.283	0.054	0.212	84.564	21.411
35	12	341	16.921	191.858	0.062	0.524	0.305	0.054	0.212	99.068	21.411
35	13	341	16.921	207.683	0.062	0.565	0.328	0.054	0.212	114.708	21.411
35	2	512	25.393	72.751	0.062	0.143	0.077	0.054	0.212	7.712	21.411
35	3	512	25.393	108.260	0.062	0.199	0.100	0.054	0.212	14.127	21.411
35	5	512	25.393	178.772	0.062	0.311	0.146	0.054	0.212	32.074	21.411
35	6	512	25.393	213.939	0.062	0.367	0.168	0.054	0.212	43.605	21.411
35	7	512	25.393	249.105	0.062	0.423	0.191	0.054	0.212	56.843	21.411
35	8	512	25.393	284.271	0.062	0.479	0.214	0.054	0.212	71.786	21.411
35	9	512	25.393	319.437	0.062	0.534	0.237	0.054	0.212	88.435	21.411
35	10	512	25.393	354.604	0.062	0.590	0.260	0.054	0.212	106.789	21.411
35	11	512	25.393	389.770	0.062	0.646	0.283	0.054	0.212	126.849	21.411
35	12	512	25.393	424.936	0.062	0.702	0.305	0.054	0.212	148.615	21.411
35	13	512	25.393	460.102	0.062	0.758	0.328	0.054	0.212	172.086	21.411
35	2	1024	50.760	282.868	0.062	0.232	0.077	0.054	0.212	15.384	21.411
35	3	1024	50.759	421.781	0.062	0.333	0.100	0.054	0.212	28.192	21.411
35	5	1024	50.759	699.048	0.062	0.533	0.146	0.054	0.212	64.043	21.411
35	6	1024	50.759	837.681	0.062	0.634	0.168	0.054	0.212	87.084	21.411
35	7	1024	50.759	976.314	0.062	0.734	0.191	0.054	0.212	113.537	21.411
35	8	1024	50.759	1114.950	0.062	0.834	0.214	0.054	0.212	143.400	21.411
35	9	1024	50.759	1253.580	0.062	0.935	0.237	0.054	0.212	176.675	21.411
35	10	1024	50.759	1392.210	0.062	1.035	0.260	0.054	0.212	213.361	21.411
35	11	1024	50.759	1530.850	0.062	1.135	0.283	0.054	0.212	253.458	21.411
35	12	1024	50.759	1669.480	0.062	1.236	0.305	0.054	0.212	296.965	21.411
35	13	1024	50.759	1808.110	0.062	1.336	0.328	0.054	0.212	343.884	21.411
35	2	131	6.516	5.482	0.062	0.077	0.077	0.054	0.212	2.004	21.411
35	3	131	6.516	8.000	0.062	0.100	0.100	0.054	0.212	3.661	21.411
35	5	131	6.516	13.038	0.062	0.145	0.146	0.054	0.212	8.284	21.411
35	6	131	6.516	15.556	0.062	0.168	0.168	0.054	0.212	11.251	21.411
35	7	131	6.516	18.075	0.062	0.191	0.191	0.054	0.212	14.655	21.411
35	8	131	6.516	20.593	0.062	0.214	0.214	0.054	0.212	18.495	21.411
35	9	131	6.516	23.112	0.062	0.237	0.237	0.054	0.212	22.771	21.411
35	10	131	6.516	25.630	0.062	0.259	0.260	0.054	0.212	27.485	21.411
35	11	131	6.516	28.149	0.062	0.282	0.283	0.054	0.212	32.634	21.411
35	12	131	6.516	30.667	0.062	0.305	0.305	0.054	0.212	38.221	21.411
35	13	131	6.516	33.186	0.062	0.328	0.328	0.054	0.212	44.244	21.411
35	2	171	8.498	8.955	0.062	0.084	0.077	0.054	0.212	2.603	21.411
35	3	171	8.498	13.143	0.062	0.110	0.100	0.054	0.212	4.760	21.411
35	5	171	8.498	21.518	0.062	0.163	0.146	0.054	0.212	10.782	21.411
35	6	171	8.498	25.705	0.062	0.189	0.168	0.054	0.212	14.648	21.411
35	7	171	8.498	29.893	0.062	0.215	0.191	0.054	0.212	19.084	21.411
35	8	171	8.498	34.080	0.062	0.242	0.214	0.054	0.212	24.089	21.411
35	9	171	8.498	38.267	0.062	0.268	0.237	0.054	0.212	29.665	21.411
35	10	171	8.498	42.455	0.062	0.294	0.260	0.054	0.212	35.810	21.411
35	11	171	8.498	46.550	0.062	0.320	0.283	0.054	0.212	42.526	21.411
35	12	171	8.498	50.729	0.062	0.347	0.305	0.054	0.212	49.811	21.411
35	13	171	8.498	54.908	0.062	0.373	0.328	0.054	0.212	57.666	21.411
35	2	302	14.988	26.225	0.062	0.107	0.077	0.054	0.212	4.566	21.411
35	3	302	14.988	38.825	0.062	0.144	0.100	0.054	0.212	8.358	21.411
35	5	302	14.988	64.026	0.062	0.220	0.146	0.054	0.212	18.962	21.411
35	6	302	14.988	76.626	0.062	0.257	0.168	0.054	0.212	25.772	21.411
35	7	302	14.988	89.045	0.062	0.295	0.191	0.054	0.212	33.589	21.411
35	8	302	14.988	101.581	0.062	0.333	0.214	0.054	0.212	42.413	21.411
35	9	302	14.988	114.061	0.062	0.370	0.237	0.054	0.212	52.242	21.411
35	10	302	14.988	126.542	0.062	0.408	0.260	0.054	0.212	63.078	21.411
35	11	302	14.988	139.022	0.062	0.446	0.283	0.054	0.212	74.920	21.411
35	12	302	14.988	151.503	0.062	0.483	0.305	0.054	0.212	87.768	21.411
35	13	302	14.988	163.984	0.062	0.521	0.328	0.054	0.212	101.622	21.411
22	2	64	2.237	1.085	0.044	0.046	0.054	0.038	0.148	0.700	14.987
22	3	64	2.237	1.552	0.044	0.058	0.070	0.038	0.148	1.274	14.987
22	5	64	2.237	2.485	0.044	0.081	0.102	0.038	0.148	2.871	14.987
22	6	64	2.237	2.951	0.044	0.093	0.118	0.038	0.148	3.893	14.987
22	7	64	2.237	3.417	0.044	0.105	0.134	0.038	0.148	5.065	14.987
22	8	64	2.237	3.884	0.044	0.117	0.150	0.038	0.148	6.386	14.987
22	9	64	2.237	4.350	0.044	0.129	0.166	0.038	0.148	7.857	14.987
22	10	64	2.237	4.817	0.044	0.141	0.182	0.038	0.148	9.477	14.987
22	11	64	2.237	5.283	0.044	0.153	0.198	0.038	0.148	11.246	14.987
22	12	64	2.237	5.749	0.044	0.165	0.214	0.038	0.148	13.165	14.987
22	13	64	2.237	6.216	0.044	0.176	0.230	0.038	0.148	15.234	14.987
22	2	128	4.457	3.679	0.044	0.054	0.054	0.038	0.148	1.371	14.987
22	3	128	4.457	5.366	0.044	0.069	0.070	0.038	0.148	2.505	14.987
22	5	128	4.457	8.740	0.044	0.101	0.102	0.038	0.148	5.668	14.987
22	6	128	4.457	10.428	0.044	0.117	0.118	0.038	0.148	7.697	14.987
22	7	128	4.457	12.115	0.044	0.132	0.134	0.038	0.148	10.026	14.987
22	8	128	4.457	13.802	0.044	0.148	0.150	0.038	0.148	12.652	14.987
22	9	128	4.457	15.489	0.044	0.164	0.166	0.038	0.148	15.578	14.987
22	10	128	4.457	17.177	0.044	0.180	0.182	0.038	0.148	18.802	14.987
22	11	128	4.457	18.864	0.044	0.196	0.198	0.038	0.148	22.325	14.987
22	12	128	4.457	20.551	0.044	0.211	0.214	0.038	0.148	26.146	14.987
22	13	128	4.457	22.238	0.044	0.227	0.230	0.038	0.148	30.266	14.987
22	2	205	7.128	8.799	0.044	0.063	0.054	0.038	0.148	2.179	14.987
22	3	205	7.128	12.955	0.044	0.083	0.070	0.038	0.148	3.986	14.987
22	5	205	7.128	21.267	0.044	0.124	0.102	0.038	0.148	9.033	14.987
22	6	205	7.128	25.422	0.044	0.145	0.118	0.038	0.148	12.275	14.987
22	7	205	7.128	29.578	0.044	0.165	0.134	0.038	0.148	15.994	14.987
22	8	205	7.128	33.734	0.044	0.186	0.150	0.038	0.148	20.192	14.987
22	9	205	7.128	37.814	0.044	0.206	0.166	0.038	0.148	24.867	14.987
22	10	205	7.128	41.962	0.044	0.227	0.182	0.038	0.148	30.021	14.987
22	11	205	7.128	46.109	0.044	0.247	0.198	0.038	0.148	35.653	14.987
22	12	205	7.128	50.229	0.044	0.267	0.214	0.038	0.148	41.764	14.987
22	13	205	7.128	54.346	0.044	0.288	0.230	0.038	0.148	48.352	14.987
22	2	256	8.897	13.392	0.044	0.069	0.054	0.038	0.148	2.714	14.987
22	3	256	8.897	19.784	0.044	0.093	0.070	0.038	0.148	4.966	14.987
22	5	256	8.897	32.569	0.044	0.140	0.102	0.038	0.148	11.263	14.987
22	6	256	8.897	38.961	0.044	0.163	0.118	0.038	0.148	15.306	14.987
22	7	256	8.897	45.354	0.044	0.187	0.134	0.038	0.148	19.947	14.987
22	8	256	8.897	51.641	0.044	0.210	0.150	0.038	0.148	25.185	14.987
22	9	256	8.897	58.017	0.044	0.234	0.166	0.038	0.148	31.020	14.987
22	10	256	8.897	64.348	0.044	0.258	0.182	0.038	0.148	37.452	14.987
22	11	256	8.897	70.680	0.044	0.281	0.198	0.038	0.148	44.481	14.987
22	12	256	8.897	77.012	0.044	0.305	0.214	0.038	0.148	52.108	14.987
22	13	256	8.897	83.344	0.044	0.328	0.230	0.038	0.148	60.331	14.987
22	2	341	11.844	23.177	0.044	0.079	0.054	0.038	0.148	3.605	14.987
22	3	341	11.844	34.361	0.044	0.108	0.070	0.038	0.148	6.601	14.987
22	5	341	11.844	56.730	0.044	0.166	0.102	0.038	0.148	14.978	14.987
22	6	341	11.844	67.775	0.044	0.194	0.118	0.038	0.148	20.359	14.987
22	7	341	11.844	78.914	0.044	0.223	0.134	0.038	0.148	26.536	14.987
22	8	341	11.844	89.991	0.044	0.252	0.150	0.038	0.148	33.507	14.987
22	9	341	11.844	101.068	0.044	0.281	0.166	0.038	0.148	41.275	14.987
22	10	341	11.844	112.146	0.044	0.309	0.182	0.038	0.148	49.837	14.987
22	11	341	11.844	123.223	0.044	0.338	0.198	0.038	0.148	59.195	14.987
22	12	341	11.844	134.301	0.044	0.367	0.214	0.038	0.148	69.348	14.987
22	13	341	11.844	145.378	0.044	0.395	0.230	0.038	0.148	80.296	14.987
22	2	512	17.775	50.926	0.044	0.100	0.054	0.038	0.148	5.399	14.987
22	3	512	17.775	75.782	0.044	0.139	0.070	0.038	0.148	9.889	14.987
22	5	512	17.775	125.140	0.044	0.218	0.102	0.038	0.148	22.452	14.987
22	6	512	17.775	149.757	0.044	0.257	0.118	0.038	0.148	30.524	14.987
22	7	512	17.775	174.374	0.044	0.296	0.134	0.038	0.148	39.790	14.987
22	8	512	17.775	198.990	0.044	0.335	0.150	0.038	0.148	50.250	14.987
22	9	512	17.775	223.606	0.044	0.374	0.166	0.038	0.148	61.904	14.987
22	10	512	17.775	248.223	0.044	0.413	0.182	0.038	0.148	74.752	14.987
22	11	512	17.775	272.839	0.044	0.452	0.198	0.038	0.148	88.794	14.987
22	12	512	17.775	297.455	0.044	0.491	0.214	0.038	0.148	104.031	14.987
22	13	512	17.775	322.071	0.044	0.531	0.230	0.038	0.148	120.460	14.987
22	2	1024	35.532	198.008	0.044	0.163	0.054	0.038	0.148	10.769	14.987
22	3	1024	35.532	295.247	0.044	0.233	0.070	0.038	0.148	19.735	14.987
22	5	1024	35.532	489.334	0.044	0.373	0.102	0.038	0.148	44.830	14.987
22	6	1024	35.532	586.377	0.044	0.444	0.118	0.038	0.148	60.959	14.987
22	7	1024	35.532	683.420	0.044	0.514	0.134	0.038	0.148	79.476	14.987
22	8	1024	35.532	780.465	0.044	0.584	0.150	0.038	0.148	100.380	14.987
22	9	1024	35.532	877.506	0.044	0.654	0.166	0.038	0.148	123.673	14.987
22	10	1024	35.532	974.547	0.044	0.724	0.182	0.038	0.148	149.353	14.987
22	11	1024	35.532	1071.595	0.044	0.795	0.198	0.038	0.148	177.421	14.987
22	12	1024	35.532	1168.636	0.044	0.865	0.214	0.038	0.148	207.876	14.987
22	13	1024	35.532	1265.677	0.044	0.935	0.230	0.038	0.148	240.719	14.987
22	2	131	4.561	3.837	0.044	0.054	0.054	0.038	0.148	1.403	14.987
22	3	131	4.561	5.600	0.044	0.070	0.070	0.038	0.148	2.563	14.987
22	5	131	4.561	9.126	0.044	0.102	0.102	0.038	0.148	5.799	14.987
22	6	131	4.561	10.889	0.044	0.118	0.118	0.038	0.148	7.876	14.987
22	7	131	4.561	12.652	0.044	0.134	0.134	0.038	0.148	10.258	14.987
22	8	131	4.561	14.415	0.044	0.150	0.150	0.038	0.148	12.946	14.987
22	9	131	4.561	16.178	0.044	0.166	0.166	0.038	0.148	15.940	14.987
22	10	131	4.561	17.941	0.044	0.182	0.182	0.038	0.148	19.239	14.987
22	11	131	4.561	19.704	0.044	0.198	0.198	0.038	0.148	22.844	14.987
22	12	131	4.561	21.467	0.044	0.213	0.214	0.038	0.148	26.755	14.987
22	13	131	4.561	23.230	0.044	0.229	0.230	0.038	0.148	30.971	14.987
22	2	171	5.949	6.269	0.044	0.059	0.054	0.038	0.148	1.822	14.987
22	3	171	5.949	9.200	0.044	0.077	0.070	0.038	0.148	3.332	14.987
22	5	171	5.949	15.062	0.044	0.114	0.102	0.038	0.148	7.547	14.987
22	6	171	5.949	17.994	0.044	0.132	0.118	0.038	0.148	10.254	14.987
22	7	171	5.949	20.925	0.044	0.151	0.134	0.038	0.148	13.359	14.987
22	8	171	5.949	23.856	0.044	0.169	0.150	0.038	0.148	16.863	14.987
22	9	171	5.949	26.787	0.044	0.188	0.166	0.038	0.148	20.766	14.987
22	10	171	5.949	29.718	0.044	0.206	0.182	0.038	0.148	25.067	14.987
22	11	171	5.949	32.585	0.044	0.224	0.198	0.038	0.148	29.768	14.987
22	12	171	5.949	35.510	0.044	0.243	0.214	0.038	0.148	34.868	14.987
22	13	171	5.949	38.435	0.044	0.261	0.230	0.038	0.148	40.366	14.987
22	2	302	10.492	18.357	0.044	0.075	0.054	0.038	0.148	3.196	14.987
22	3	302	10.492	27.178	0.044	0.101	0.070	0.038	0.148	5.851	14.987
22	5	302	10.492	44.818	0.044	0.154	0.102	0.038	0.148	13.273	14.987
22	6	302	10.492	53.638	0.044	0.180	0.118	0.038	0.148	18.041	14.987
22	7	302	10.492	62.331	0.044	0.206	0.134	0.038	0.148	23.513	14.987
22	8	302	10.492	71.107	0.044	0.233	0.150	0.038	0.148	29.689	14.987
22	9	302	10.492	79.843	0.044	0.259	0.166	0.038	0.148	36.570	14.987
22	10	302	10.492	88.579	0.044	0.286	0.182	0.038	0.148	44.154	14.987
22	11	302	10.492	97.315	0.044	0.312	0.198	0.038	0.148	52.444	14.987
22	12	302	10.492	106.052	0.044	0.338	0.214	0.038	0.148	61.437	14.987
22	13	302	10.492	114.789	0.044	0.365	0.230	0.038	0.148	71.135	14.987
16	2	64	1.566	0.760	0.031	0.032	0.038	0.027	0.104	0.490	10.491
16	3	64	1.566	1.086	0.031	0.040	0.049	0.027	0.104	0.892	10.491
16	5	64	1.566	1.739	0.031	0.057	0.071	0.027	0.104	2.009	10.491
16	6	64	1.566	2.066	0.031	0.065	0.083	0.027	0.104	2.725	10.491
16	7	64	1.566	2.392	0.031	0.074	0.094	0.027	0.104	3.545	10.491
16	8	64	1.566	2.719	0.031	0.082	0.105	0.027	0.104	4.470	10.491
16	9	64	1.566	3.045	0.031	0.090	0.116	0.027	0.104	5.500	10.491
16	10	64	1.566	3.372	0.031	0.099	0.127	0.027	0.104	6.634	10.491
16	11	64	1.566	3.698	0.031	0.107	0.138	0.027	0.104	7.873	10.491
16	12	64	1.566	4.025	0.031	0.115	0.150	0.027	0.104	9.216	10.491
16	13	64	1.566	4.351	0.031	0.124	0.161	0.027	0.104	10.664	10.491
16	2	128	3.120	2.575	0.031	0.038	0.038	0.027	0.104	0.960	10.491
16	3	128	3.120	3.756	0.031	0.049	0.049	0.027	0.104	1.753	10.491
16	5	128	3.120	6.118	0.031	0.071	0.071	0.027	0.104	3.968	10.491
16	6	128	3.120	7.299	0.031	0.082	0.083	0.027	0.104	5.388	10.491
16	7	128	3.120	8.480	0.031	0.093	0.094	0.027	0.104	7.018	10.491
16	8	128	3.120	9.662	0.031	0.104	0.105	0.027	0.104	8.857	10.491
16	9	128	3.120	10.843	0.031	0.115	0.116	0.027	0.104	10.905	10.491
16	10	128	3.120	12.024	0.031	0.126	0.127	0.027	0.104	13.161	10.491
16	11	128	3.120	13.205	0.031	0.137	0.138	0.027	0.104	15.627	10.491
16	12	128	3.120	14.386	0.031	0.148	0.150	0.027	0.104	18.302	10.491
16	13	128	3.120	15.567	0.031	0.159	0.161	0.027	0.104	21.186	10.491
16	2	205	4.989	6.159	0.031	0.044	0.038	0.027	0.104	1.525	10.491
16	3	205	4.989	9.068	0.031	0.058	0.049	0.027	0.104	2.790	10.491
16	5	205	4.989	14.887	0.031	0.087	0.071	0.027	0.104	6.323	10.491
16	6	205	4.989	17.796	0.031	0.101	0.083	0.027	0.104	8.592	10.491
16	7	205	4.989	20.705	0.031	0.116	0.094	0.027	0.104	11.196	10.491
16	8	205	4.989	23.614	0.031	0.130	0.105	0.027	0.104	14.134	10.491
16	9	205	4.989	26.470	0.031	0.144	0.116	0.027	0.104	17.407	10.491
16	10	205	4.989	29.373	0.031	0.159	0.127	0.027	0.104	21.015	10.491
16	11	205	4.989	32.277	0.031	0.173	0.138	0.027	0.104	24.957	10.491
16	12	205	4.989	35.160	0.031	0.187	0.150	0.027	0.104	29.234	10.491
16	13	205	4.989	38.042	0.031	0.202	0.161	0.027	0.104	33.846	10.491
16	2	256	6.228	9.375	0.031	0.048	0.038	0.027	0.104	1.900	10.491
16	3	256	6.228	13.849	0.031	0.065	0.049	0.027	0.104	3.476	10.491
16	5	256	6.228	22.798	0.031	0.098	0.071	0.027	0.104	7.884	10.491
16	6	256	6.228	27.273	0.031	0.114	0.083	0.027	0.104	10.714	10.491
16	7	256	6.228	31.748	0.031	0.131	0.094	0.027	0.104	13.963	10.491
16	8	256	6.228	36.149	0.031	0.147	0.105	0.027	0.104	17.630	10.491
16	9	256	6.228	40.612	0.031	0.164	0.116	0.027	0.104	21.714	10.491
16	10	256	6.228	45.044	0.031	0.180	0.127	0.027	0.104	26.216	10.491
16	11	256	6.228	49.476	0.031	0.197	0.138	0.027	0.104	31.137	10.491
16	12	256	6.228	53.908	0.031	0.213	0.150	0.027	0.104	36.475	10.491
16	13	256	6.228	58.341	0.031	0.230	0.161	0.027	0.104	42.232	10.491
16	2	341	8.291	16.224	0.031	0.056	0.038	0.027	0.104	2.524	10.491
16	3	341	8.291	24.053	0.031	0.076	0.049	0.027	0.104	4.621	10.491
16	5	341	8.291	39.711	0.031	0.116	0.071	0.027	0.104	10.484	10.491
16	6	341	8.291	47.442	0.031	0.136	0.083	0.027	0.104	14.251	10.491
16	7	341	8.291	55.240	0.031	0.156	0.094	0.027	0.104	18.575	10.491
16	8	341	8.291	62.993	0.031	0.176	0.105	0.027	0.104	23.455	10.491
16	9	341	8.291	70.748	0.031	0.196	0.116	0.027	0.104	28.892	10.491
16	10	341	8.291	78.502	0.031	0.216	0.127	0.027	0.104	34.886	10.491
16	11	341	8.291	86.256	0.031	0.237	0.138	0.027	0.104	41.436	10.491
16	12	341	8.291	94.010	0.031	0.257	0.150	0.027	0.104	48.543	10.491
16	13	341	8.291	101.765	0.031	0.277	0.161	0.027	0.104	56.207	10.491
16	2	512	12.442	35.648	0.031	0.070	0.038	0.027	0.104	3.779	10.491
16	3	512	12.442	53.047	0.031	0.098	0.049	0.027	0.104	6.922	10.491
16	5	512	12.442	87.598	0.031	0.152	0.071	0.027	0.104	15.716	10.491
16	6	512	12.442	104.830	0.031	0.180	0.083	0.027	0.104	21.367	10.491
16	7	512	12.442	122.061	0.031	0.207	0.094	0.027	0.104	27.853	10.491
16	8	512	12.442	139.293	0.031	0.234	0.105	0.027	0.104	35.175	10.491
16	9	512	12.442	156.524	0.031	0.262	0.116	0.027	0.104	43.333	10.491
16	10	512	12.442	173.756	0.031	0.289	0.127	0.027	0.104	52.327	10.491
16	11	512	12.442	190.987	0.031	0.317	0.138	0.027	0.104	62.156	10.491
16	12	512	12.442	208.219	0.031	0.344	0.150	0.027	0.104	72.821	10.491
16	13	512	12.442	225.450	0.031	0.371	0.161	0.027	0.104	84.322	10.491
16	2	1024	24.872	138.605	0.031	0.114	0.038	0.027	0.104	7.538	10.491
16	3	1024	24.872	206.673	0.031	0.163	0.049	0.027	0.104	13.814	10.491
16	5	1024	24.872	342.534	0.031	0.261	0.071	0.027	0.104	31.381	10.491
16	6	1024	24.872	410.464	0.031	0.310	0.083	0.027	0.104	42.671	10.491
16	7	1024	24.872	478.394	0.031	0.360	0.094	0.027	0.104	55.633	10.491
16	8	1024	24.872	546.326	0.031	0.409	0.105	0.027	0.104	70.266	10.491
16	9	1024	24.872	614.254	0.031	0.458	0.116	0.027	0.104	86.571	10.491
16	10	1024	24.872	682.183	0.031	0.507	0.127	0.027	0.104	104.547	10.491
16	11	1024	24.872	750.117	0.031	0.556	0.138	0.027	0.104	124.194	10.491
16	12	1024	24.872	818.045	0.031	0.605	0.150	0.027	0.104	145.513	10.491
16	13	1024	24.872	885.974	0.031	0.655	0.161	0.027	0.104	168.503	10.491
16	2	131	3.193	2.686	0.031	0.038	0.038	0.027	0.104	0.982	10.491
16	3	131	3.193	3.920	0.031	0.049	0.049	0.027	0.104	1.794	10.491
16	5	131	3.193	6.388	0.031	0.071	0.071	0.027	0.104	4.059	10.491
16	6	131	3.193	7.622	0.031	0.082	0.083	0.027	0.104	5.513	10.491
16	7	131	3.193	8.857	0.031	0.094	0.094	0.027	0.104	7.181	10.491
16	8	131	3.193	10.091	0.031	0.105	0.105	0.027	0.104	9.062	10.491
16	9	131	3.193	11.325	0.031	0.116	0.116	0.027	0.104	11.158	10.491
16	10	131	3.193	12.559	0.031	0.127	0.127	0.027	0.104	13.467	10.491
16	11	131	3.193	13.793	0.031	0.138	0.138	0.027	0.104	15.991	10.491
16	12	131	3.193	15.027	0.031	0.149	0.150	0.027	0.104	18.728	10.491
16	13	131	3.193	16.261	0.031	0.161	0.161	0.027	0.104	21.680	10.491
16	2	171	4.164	4.388	0.031	0.041	0.038	0.027	0.104	1.276	10.491
16	3	171	4.164	6.440	0.031	0.054	0.049	0.027	0.104	2.332	10.491
16	5	171	4.164	10.544	0.031	0.080	0.071	0.027	0.104	5.283	10.491
16	6	171	4.164	12.595	0.031	0.093	0.083	0.027	0.104	7.177	10.491
16	7	171	4.164	14.647	0.031	0.106	0.094	0.027	0.104	9.351	10.491
16	8	171	4.164	16.699	0.031	0.118	0.105	0.027	0.104	11.804	10.491
16	9	171	4.164	18.751	0.031	0.131	0.116	0.027	0.104	14.536	10.491
16	10	171	4.164	20.803	0.031	0.144	0.127	0.027	0.104	17.547	10.491
16	11	171	4.164	22.809	0.031	0.157	0.138	0.027	0.104	20.838	10.491
16	12	171	4.164	24.857	0.031	0.170	0.150	0.027	0.104	24.407	10.491
16	13	171	4.164	26.905	0.031	0.183	0.161	0.027	0.104	28.256	10.491
16	2	302	7.344	12.850	0.031	0.052	0.038	0.027	0.104	2.237	10.491
16	3	302	7.344	19.024	0.031	0.071	0.049	0.027	0.104	4.096	10.491
16	5	302	7.344	31.373	0.031	0.108	0.071	0.027	0.104	9.291	10.491
16	6	302	7.344	37.547	0.031	0.126	0.083	0.027	0.104	12.628	10.491
16	7	302	7.344	43.632	0.031	0.145	0.094	0.027	0.104	16.459	10.491
16	8	302	7.344	49.775	0.031	0.163	0.105	0.027	0.104	20.782	10.491
16	9	302	7.344	55.890	0.031	0.181	0.116	0.027	0.104	25.599	10.491
16	10	302	7.344	62.006	0.031	0.200	0.127	0.027	0.104	30.908	10.491
16	11	302	7.344	68.121	0.031	0.218	0.138	0.027	0.104	36.711	10.491
16	12	302	7.344	74.236	0.031	0.237	0.150	0.027	0.104	43.006	10.491
16	13	302	7.344	80.352	0.031	0.255	0.161	0.027	0.104	49.795	10.491
70	5	448	35.676	279.332	0.150	0.486	0.228	0.085	0.459	40.092	54.746
50	5	448	35.676	279.332	0.150	0.486	0.228	0.085	0.459	40.092	54.746
