70	3	64	9.6510	19.5100	0.6200	0.2252	0.1783	0.0849	1.4140	11.0019
70	5	64	9.6510	19.5100	0.6200	0.2252	0.1783	0.0849	1.4140	11.0019
70	2	128	9.6510	8.2115	0.6200	0.1196	0.0861	0.0849	1.4140	2.8009
70	3	128	9.6510	11.9777	0.6200	0.1548	0.1168	0.0849	1.4140	5.0012
70	5	128	9.6510	19.5100	0.6200	0.2252	0.1783	0.0849	1.4140	11.0019
70	6	128	9.6510	23.2761	0.6200	0.2604	0.2091	0.0849	1.4140	14.8021
70	7	128	9.6510	27.0422	0.6200	0.2956	0.2398	0.0849	1.4140	19.1357
70	8	128	9.6510	30.8084	0.6200	0.3308	0.2705	0.0849	1.4140	24.0025
70	9	128	9.6510	34.5745	0.6200	0.3660	0.3013	0.0849	1.4140	29.4027
70	10	128	9.6510	38.3407	0.6200	0.4012	0.3320	0.0849	1.4140	35.3361
70	11	128	9.6510	42.1068	0.6200	0.4364	0.3628	0.0849	1.4140	41.8028
70	12	128	9.6510	45.8730	0.6200	0.4716	0.3935	0.0849	1.4140	48.8029
70	13	128	9.6510	49.6391	0.6200	0.5069	0.4243	0.0849	1.4140	56.3362
70	2	172	12.8795	13.9925	0.6200	0.1313	0.0861	0.0849	1.4140	3.7160
70	3	172	12.8795	20.5354	0.6200	0.1723	0.1168	0.0849	1.4140	6.6425
70	5	172	12.8795	33.6212	0.6200	0.2544	0.1783	0.0849	1.4140	14.6325
70	6	172	12.8795	40.1641	0.6200	0.2954	0.2091	0.0849	1.4140	19.6960
70	7	172	12.8795	46.7070	0.6200	0.3365	0.2398	0.0849	1.4140	25.4718
70	8	172	12.8795	53.2500	0.6200	0.3775	0.2705	0.0849	1.4140	31.9600
70	9	172	12.8794	59.7929	0.6200	0.4186	0.3013	0.0849	1.4140	39.1604
70	10	172	12.8795	66.3358	0.6200	0.4596	0.3320	0.0849	1.4140	47.0732
70	11	172	12.8795	72.7338	0.6200	0.5006	0.3628	0.0849	1.4140	55.6983
70	12	172	12.8795	79.2635	0.6200	0.5417	0.3935	0.0849	1.4140	65.0357
70	13	172	12.8795	85.7932	0.6200	0.5827	0.4243	0.0849	1.4140	75.0855
70	2	256	19.2614	29.8933	0.6200	0.1544	0.0861	0.0849	1.4140	5.5251
70	3	256	19.2614	44.1618	0.6200	0.2069	0.1168	0.0849	1.4140	9.8870
70	5	256	19.2614	72.6988	0.6200	0.3121	0.1783	0.0849	1.4140	21.8094
70	6	256	19.2613	86.9673	0.6200	0.3647	0.2091	0.0849	1.4140	29.3700
70	7	256	19.2614	101.2360	0.6200	0.4172	0.2398	0.0849	1.4140	37.9968
70	8	256	19.2614	115.2700	0.6200	0.4698	0.2705	0.0849	1.4140	47.6898
70	9	256	19.2613	129.5010	0.6200	0.5224	0.3013	0.0849	1.4140	58.4490
70	10	256	19.2614	143.6350	0.6200	0.5749	0.3320	0.0849	1.4140	70.2744
70	11	256	19.2614	157.7690	0.6200	0.6275	0.3628	0.0849	1.4140	83.1661
70	12	256	19.2613	171.9020	0.6200	0.6801	0.3935	0.0849	1.4140	97.1240
70	13	256	19.2614	186.0360	0.6200	0.7327	0.4243	0.0849	1.4140	112.1480
70	2	342	25.6433	51.7351	0.6200	0.1774	0.0861	0.0849	1.4140	7.3342
70	3	342	25.6433	76.6997	0.6200	0.2415	0.1168	0.0849	1.4140	13.1314
70	5	342	25.6432	126.6290	0.6200	0.3698	0.1783	0.0849	1.4140	28.9863
70	6	342	25.6433	151.2830	0.6200	0.4339	0.2091	0.0849	1.4140	39.0439
70	7	342	25.6433	176.1460	0.6200	0.4980	0.2398	0.0849	1.4140	50.5217
70	8	342	25.6433	200.8730	0.6200	0.5621	0.2705	0.0849	1.4140	63.4196
70	9	342	25.6432	225.5990	0.6200	0.6262	0.3013	0.0849	1.4140	77.7375
70	10	342	25.6433	250.3250	0.6200	0.6903	0.3320	0.0849	1.4140	93.4756
70	11	342	25.6433	275.0520	0.6200	0.7544	0.3628	0.0849	1.4140	110.6340
70	12	342	25.6433	299.7780	0.6200	0.8185	0.3935	0.0849	1.4140	129.2120
70	13	342	25.6432	324.5040	0.6200	0.8826	0.4243	0.0849	1.4140	149.2110
70	2	512	38.4821	113.6740	0.6200	0.2238	0.0861	0.0849	1.4140	10.9736
70	3	512	38.4820	169.1560	0.6200	0.3112	0.1168	0.0849	1.4140	19.6585
70	5	512	38.4820	279.3320	0.6200	0.4858	0.1783	0.0849	1.4140	43.4245
70	6	512	38.4822	334.2790	0.6200	0.5731	0.2091	0.0849	1.4140	58.5057
70	7	512	38.4821	389.2260	0.6200	0.6604	0.2398	0.0849	1.4140	75.7189
70	8	512	38.4821	444.1740	0.6200	0.7477	0.2705	0.0849	1.4140	95.0642
70	9	512	38.4821	499.1210	0.6200	0.8350	0.3013	0.0849	1.4140	116.5420
70	10	512	38.4821	554.0680	0.6200	0.9223	0.3320	0.0849	1.4140	140.1510
70	11	512	38.4821	609.0150	0.6200	1.0097	0.3628	0.0849	1.4140	165.8930
70	12	512	38.4821	663.9620	0.6200	1.0970	0.3935	0.0849	1.4140	193.7660
70	13	512	38.4821	718.9100	0.6200	1.1843	0.4243	0.0849	1.4140	223.7720
70	2	1024	76.9235	441.9810	0.6200	0.3628	0.0861	0.0849	1.4140	21.8705
70	3	1024	76.9237	659.0330	0.6200	0.5196	0.1168	0.0849	1.4140	39.2015
70	5	1024	76.9236	1092.2600	0.6200	0.8332	0.1783	0.0849	1.4140	86.6548
70	6	1024	76.9235	1308.8800	0.6200	0.9900	0.2091	0.0849	1.4140	116.7770
70	7	1024	76.9236	1525.4900	0.6200	1.1468	0.2398	0.0849	1.4140	151.1630
70	8	1024	76.9235	1742.1100	0.6200	1.3036	0.2705	0.0849	1.4140	189.8130
70	9	1024	76.9236	1958.7200	0.6200	1.4603	0.3013	0.0849	1.4140	232.7270
70	10	1024	76.9235	2175.3300	0.6200	1.6171	0.3320	0.0849	1.4140	279.9040
70	11	1024	76.9235	2391.9500	0.6200	1.7739	0.3628	0.0849	1.4140	331.3460
70	12	1024	76.9236	2608.5600	0.6200	1.9307	0.3935	0.0849	1.4140	387.0510
70	13	1024	76.9238	2825.1800	0.6200	2.0875	0.4243	0.0849	1.4140	447.0200
50	2	128	8.1773	6.6513	0.2920	0.0969	0.0697	0.0688	0.6690	2.5208
50	3	128	8.1773	9.7019	0.2920	0.1254	0.0946	0.0688	0.6690	4.5011
50	5	128	8.1773	15.8031	0.2920	0.1824	0.1444	0.0688	0.6690	9.9017
50	6	128	8.1773	18.8536	0.2920	0.2110	0.1693	0.0688	0.6690	13.3219
50	7	128	8.1773	21.9042	0.2920	0.2395	0.1942	0.0688	0.6690	17.2221
50	8	128	8.1773	24.9548	0.2920	0.2680	0.2191	0.0688	0.6690	21.6023
50	9	128	8.1773	28.0054	0.2920	0.2965	0.2440	0.0688	0.6690	26.4624
50	10	128	8.1773	31.0559	0.2920	0.3250	0.2689	0.0688	0.6690	31.8025
50	11	128	8.1773	34.1065	0.2920	0.3535	0.2938	0.0688	0.6690	37.6226
50	12	128	8.1773	37.1571	0.2920	0.3820	0.3187	0.0688	0.6690	43.9226
50	13	128	8.1773	40.2077	0.2920	0.4105	0.3436	0.0688	0.6690	50.7026
50	2	172	10.9134	11.3339	0.2920	0.1064	0.0697	0.0688	0.6690	3.3444
50	3	172	10.9133	16.6337	0.2920	0.1396	0.0946	0.0688	0.6690	5.9783
50	5	172	10.9133	27.2332	0.2920	0.2061	0.1444	0.0688	0.6690	13.1693
50	6	172	10.9133	32.5330	0.2920	0.2393	0.1693	0.0688	0.6690	17.7264
50	7	172	10.9133	37.8327	0.2920	0.2726	0.1942	0.0688	0.6690	22.9246
50	8	172	10.9133	43.1325	0.2920	0.3058	0.2191	0.0688	0.6690	28.7640
50	9	172	10.9133	48.4322	0.2920	0.3390	0.2440	0.0688	0.6690	35.2444
50	10	172	10.9133	53.7320	0.2920	0.3723	0.2689	0.0688	0.6690	42.3659
50	11	172	10.9134	58.9143	0.2920	0.4055	0.2938	0.0688	0.6690	50.1285
50	12	172	10.9133	64.2034	0.2920	0.4388	0.3187	0.0688	0.6690	58.5322
50	13	172	10.9133	69.4925	0.2920	0.4720	0.3436	0.0688	0.6690	67.5769
50	2	256	16.3217	24.2135	0.2920	0.1250	0.0697	0.0688	0.6690	4.9726
50	3	256	16.3217	35.7710	0.2920	0.1676	0.0946	0.0688	0.6690	8.8983
50	5	256	16.3217	58.8860	0.2920	0.2528	0.1444	0.0688	0.6690	19.6285
50	6	256	16.3217	70.4435	0.2920	0.2954	0.1693	0.0688	0.6690	26.4330
50	7	256	16.3217	82.0010	0.2920	0.3380	0.1942	0.0688	0.6690	34.1971
50	8	256	16.3218	93.3688	0.2920	0.3805	0.2191	0.0688	0.6690	42.9208
50	9	256	16.3217	104.8960	0.2920	0.4231	0.2440	0.0688	0.6690	52.6041
50	10	256	16.3217	116.3440	0.2920	0.4657	0.2689	0.0688	0.6690	63.2470
50	11	256	16.3217	127.7930	0.2920	0.5083	0.2938	0.0688	0.6690	74.8495
50	12	256	16.3218	139.2410	0.2920	0.5509	0.3187	0.0688	0.6690	87.4116
50	13	256	16.3217	150.6890	0.2920	0.5935	0.3436	0.0688	0.6690	100.9330
50	2	342	21.7301	41.9054	0.2920	0.1437	0.0697	0.0688	0.6690	6.6008
50	3	342	21.7301	62.1268	0.2920	0.1956	0.0946	0.0688	0.6690	11.8183
50	5	342	21.7300	102.5690	0.2920	0.2995	0.1444	0.0688	0.6690	26.0877
50	6	342	21.7302	122.5400	0.2920	0.3514	0.1693	0.0688	0.6690	35.1396
50	7	342	21.7301	142.6780	0.2920	0.4034	0.1942	0.0688	0.6690	45.4695
50	8	342	21.7301	162.7070	0.2920	0.4553	0.2191	0.0688	0.6690	57.0776
50	9	342	21.7301	182.7350	0.2920	0.5072	0.2440	0.0688	0.6690	69.9638
50	10	342	21.7301	202.7630	0.2920	0.5591	0.2689	0.0688	0.6690	84.1281
50	11	342	21.7301	222.7920	0.2920	0.6111	0.2938	0.0688	0.6690	99.5705
50	12	342	21.7301	242.8200	0.2920	0.6630	0.3187	0.0688	0.6690	116.2910
50	13	342	21.7301	262.8490	0.2920	0.7149	0.3436	0.0688	0.6690	134.2900
50	2	512	32.6105	92.0760	0.2920	0.1813	0.0697	0.0688	0.6690	9.8762
50	3	512	32.6105	137.0160	0.2920	0.2520	0.0946	0.0688	0.6690	17.6926
50	5	512	32.6104	226.2590	0.2920	0.3935	0.1444	0.0688	0.6690	39.0821
50	6	512	32.6105	270.7660	0.2920	0.4642	0.1693	0.0688	0.6690	52.6551
50	7	512	32.6104	315.2730	0.2920	0.5349	0.1942	0.0688	0.6690	68.1470
50	8	512	32.6105	359.7810	0.2920	0.6056	0.2191	0.0688	0.6690	85.5578
50	9	512	32.6104	404.2880	0.2920	0.6764	0.2440	0.0688	0.6690	104.8870
50	10	512	32.6105	448.7950	0.2920	0.7471	0.2689	0.0688	0.6690	126.1360
50	11	512	32.6105	493.3020	0.2920	0.8178	0.2938	0.0688	0.6690	149.3030
50	12	512	32.6105	537.8100	0.2920	0.8885	0.3187	0.0688	0.6690	174.3900
50	13	512	32.6105	582.3170	0.2920	0.9593	0.3436	0.0688	0.6690	201.3950
50	2	1024	65.1880	358.0050	0.2920	0.2939	0.0697	0.0688	0.6690	19.6835
50	3	1024	65.1880	533.8170	0.2920	0.4209	0.0946	0.0688	0.6690	35.2813
50	5	1024	65.1880	884.7320	0.2920	0.6749	0.1444	0.0688	0.6690	77.9893
50	6	1024	65.1880	1060.1900	0.2920	0.8019	0.1693	0.0688	0.6690	105.0990
50	7	1024	65.1881	1235.6500	0.2920	0.9289	0.1942	0.0688	0.6690	136.0470
50	8	1024	65.1881	1411.1100	0.2920	1.0559	0.2191	0.0688	0.6690	170.8320
50	9	1024	65.1881	1586.5600	0.2920	1.1829	0.2440	0.0688	0.6690	209.4540
50	10	1024	65.1881	1762.0200	0.2920	1.3099	0.2689	0.0688	0.6690	251.9140
50	11	1024	65.1881	1937.4800	0.2920	1.4369	0.2938	0.0688	0.6690	298.2110
50	12	1024	65.1881	2112.9400	0.2920	1.5639	0.3187	0.0688	0.6690	348.3460
50	13	1024	65.1881	2288.3900	0.2920	1.6909	0.3436	0.0688	0.6690	402.3180
35	2	128	6.8167	5.2554	0.1414	0.0766	0.0551	0.0543	0.2840	2.2407
35	3	128	6.8166	7.6657	0.1414	0.0991	0.0748	0.0543	0.2840	4.0010
35	5	128	6.8166	12.4864	0.1414	0.1441	0.1141	0.0543	0.2840	8.8015
35	6	128	6.8167	14.8967	0.1414	0.1667	0.1338	0.0543	0.2840	11.8417
35	7	128	6.8166	17.3070	0.1414	0.1892	0.1535	0.0543	0.2840	15.3085
35	8	128	6.8167	19.7174	0.1414	0.2117	0.1731	0.0543	0.2840	19.2020
35	9	128	6.8166	22.1277	0.1414	0.2343	0.1928	0.0543	0.2840	23.5221
35	10	128	6.8167	24.5380	0.1414	0.2568	0.2125	0.0543	0.2840	28.2689
35	11	128	6.8166	26.9484	0.1414	0.2793	0.2322	0.0543	0.2840	33.4423
35	12	128	6.8167	29.3587	0.1414	0.3019	0.2518	0.0543	0.2840	39.0423
35	13	128	6.8166	31.7690	0.1414	0.3244	0.2715	0.0543	0.2840	45.0689
35	2	172	9.0979	8.9552	0.1414	0.0840	0.0551	0.0543	0.2840	2.9728
35	3	172	9.0979	13.1427	0.1414	0.1103	0.0748	0.0543	0.2840	5.3140
35	5	172	9.0979	21.5176	0.1414	0.1628	0.1141	0.0543	0.2840	11.7060
35	6	172	9.0979	25.7050	0.1414	0.1891	0.1338	0.0543	0.2840	15.7568
35	7	172	9.0979	29.8925	0.1414	0.2154	0.1535	0.0543	0.2840	20.3775
35	8	172	9.0979	34.0800	0.1414	0.2416	0.1731	0.0543	0.2840	25.5680
35	9	172	9.0979	38.2674	0.1414	0.2679	0.1928	0.0543	0.2840	31.3283
35	10	172	9.0979	42.4549	0.1414	0.2941	0.2125	0.0543	0.2840	37.6586
35	11	172	9.0979	46.5496	0.1414	0.3204	0.2322	0.0543	0.2840	44.5586
35	12	172	9.0979	50.7286	0.1414	0.3467	0.2518	0.0543	0.2840	52.0286
35	13	172	9.0978	54.9077	0.1414	0.3729	0.2715	0.0543	0.2840	60.0684
35	2	256	13.6073	19.1317	0.1414	0.0988	0.0551	0.0543	0.2840	4.4201
35	3	256	13.6073	28.2635	0.1414	0.1324	0.0748	0.0543	0.2840	7.9096
35	5	256	13.6073	46.5272	0.1414	0.1997	0.1141	0.0543	0.2840	17.4475
35	6	256	13.6073	55.6591	0.1200	0.2334	0.1338	0.0543	0.2840	23.4960
35	7	256	13.6073	64.7909	0.1200	0.2670	0.1535	0.0543	0.2840	30.3974
35	8	256	13.6073	73.7729	0.1200	0.3007	0.1731	0.0543	0.2840	38.1518
35	9	256	13.6073	82.8809	0.1200	0.3343	0.1928	0.0543	0.2840	46.7592
35	10	256	13.6073	91.9264	0.1200	0.3680	0.2125	0.0543	0.2840	56.2195
35	11	256	13.6073	100.9720	0.1200	0.4016	0.2322	0.0543	0.2840	66.5329
35	12	256	13.6073	110.0170	0.1200	0.4353	0.2518	0.0543	0.2840	77.6992
35	13	256	13.6073	119.0630	0.1200	0.4689	0.2715	0.0543	0.2840	89.7185
35	2	342	18.1167	33.1105	0.1200	0.1136	0.0551	0.0543	0.2840	5.8673
35	3	342	18.1167	49.0878	0.1200	0.1546	0.0748	0.0543	0.2840	10.5051
35	5	342	18.1167	81.0425	0.1200	0.2366	0.1141	0.0543	0.2840	23.1891
35	6	342	18.1167	96.8214	0.1200	0.2777	0.1338	0.0543	0.2840	31.2352
35	7	342	18.1167	112.7340	0.1200	0.3187	0.1535	0.0543	0.2840	40.4174
35	8	342	18.1166	128.5580	0.1200	0.3597	0.1731	0.0543	0.2840	50.7356
35	9	342	18.1167	144.3830	0.1200	0.4008	0.1928	0.0543	0.2840	62.1900
35	10	342	18.1167	160.2080	0.1200	0.4418	0.2125	0.0543	0.2840	74.7805
35	11	342	18.1167	176.0330	0.1200	0.4828	0.2322	0.0543	0.2840	88.5071
35	12	342	18.1167	191.8580	0.1200	0.5238	0.2518	0.0543	0.2840	103.3700
35	13	342	18.1167	207.6830	0.1200	0.5649	0.2715	0.0543	0.2840	119.3690
35	2	512	27.1886	72.7514	0.1200	0.1433	0.0551	0.0543	0.2840	8.7789
35	3	512	27.1885	108.2600	0.1200	0.1991	0.0748	0.0543	0.2840	15.7268
35	5	512	27.1886	178.7720	0.1200	0.3109	0.1141	0.0543	0.2840	34.7396
35	6	512	27.1885	213.9390	0.1200	0.3668	0.1338	0.0543	0.2840	46.8046
35	7	512	27.1886	249.1050	0.1200	0.4227	0.1535	0.0543	0.2840	60.5751
35	8	512	27.1885	284.2710	0.1200	0.4785	0.1731	0.0543	0.2840	76.0514
35	9	512	27.1886	319.4370	0.1200	0.5344	0.1928	0.0543	0.2840	93.2333
35	10	512	27.1885	354.6040	0.1200	0.5903	0.2125	0.0543	0.2840	112.1210
35	11	512	27.1885	389.7700	0.1200	0.6462	0.2322	0.0543	0.2840	132.7140
35	12	512	27.1886	424.9360	0.1200	0.7021	0.2518	0.0543	0.2840	155.0130
35	13	512	27.1885	460.1020	0.1200	0.7579	0.2715	0.0543	0.2840	179.0180
35	2	1024	54.3510	282.8680	0.1200	0.2322	0.0551	0.0543	0.2840	17.4964
35	3	1024	54.3510	421.7810	0.1200	0.3325	0.0748	0.0543	0.2840	31.3612
35	5	1024	54.3510	699.0480	0.1200	0.5332	0.1141	0.0543	0.2840	69.3238
35	6	1024	54.3510	837.6810	0.1200	0.6336	0.1338	0.0543	0.2840	93.4217
35	7	1024	54.3510	976.3140	0.1200	0.7339	0.1535	0.0543	0.2840	120.9310
35	8	1024	54.3511	1114.9500	0.1200	0.8343	0.1731	0.0543	0.2840	151.8510
35	9	1024	54.3511	1253.5800	0.1200	0.9346	0.1928	0.0543	0.2840	186.1810
35	10	1024	54.3511	1392.2100	0.1200	1.0350	0.2125	0.0543	0.2840	223.9230
35	11	1024	54.3511	1530.8500	0.1200	1.1353	0.2322	0.0543	0.2840	265.0760
35	12	1024	54.3511	1669.4800	0.1200	1.2357	0.2518	0.0543	0.2840	309.6410
35	13	1024	54.3511	1808.1100	0.1200	1.3360	0.2715	0.0543	0.2840	357.6160
22	2	128	4.7717	3.6788	0.0990	0.0536	0.0386	0.0380	0.1988	1.5685
22	3	128	4.7716	5.3660	0.0990	0.0694	0.0523	0.0380	0.1988	2.8007
22	5	128	4.7716	8.7405	0.0990	0.1009	0.0799	0.0380	0.1988	6.1610
22	6	128	4.7717	10.4277	0.0990	0.1167	0.0937	0.0380	0.1988	8.2892
22	7	128	4.7717	12.1149	0.0990	0.1324	0.1074	0.0380	0.1988	10.7160
22	8	128	4.7717	13.8022	0.0990	0.1482	0.1212	0.0380	0.1988	13.4414
22	9	128	4.7717	15.4894	0.0990	0.1640	0.1350	0.0380	0.1988	16.4655
22	10	128	4.7717	17.1766	0.0990	0.1798	0.1487	0.0380	0.1988	19.7882
22	11	128	4.7717	18.8639	0.0990	0.1955	0.1625	0.0380	0.1988	23.4096
22	12	128	4.7717	20.5511	0.0990	0.2113	0.1763	0.0380	0.1988	27.3296
22	13	128	4.7717	22.2383	0.0990	0.2271	0.1901	0.0380	0.1988	31.5482
22	2	172	6.3685	6.2686	0.0990	0.0588	0.0386	0.0380	0.1988	2.0810
22	3	172	6.3685	9.1999	0.0990	0.0772	0.0523	0.0380	0.1988	3.7198
22	5	172	6.3685	15.0623	0.0990	0.1140	0.0799	0.0380	0.1988	8.1942
22	6	172	6.3685	17.9935	0.0990	0.1324	0.0937	0.0380	0.1988	11.0298
22	7	172	6.3685	20.9248	0.0990	0.1507	0.1074	0.0380	0.1988	14.2643
22	8	172	6.3685	23.8560	0.0990	0.1691	0.1212	0.0380	0.1988	17.8976
22	9	172	6.3685	26.7872	0.0990	0.1875	0.1350	0.0380	0.1988	21.9298
22	10	172	6.3685	29.7184	0.0990	0.2059	0.1487	0.0380	0.1988	26.3610
22	11	172	6.3685	32.5847	0.0990	0.2243	0.1625	0.0380	0.1988	31.1910
22	12	172	6.3685	35.5100	0.0990	0.2427	0.1763	0.0380	0.1988	36.4200
22	13	172	6.3685	38.4354	0.0990	0.2611	0.1901	0.0380	0.1988	42.0479
22	2	256	9.5251	13.3922	0.0990	0.0692	0.0386	0.0380	0.1988	3.0941
22	3	256	9.5251	19.7845	0.0990	0.0927	0.0523	0.0380	0.1988	5.5367
22	5	256	9.5251	32.5690	0.0990	0.1398	0.0799	0.0380	0.1988	12.2133
22	6	256	9.5251	38.9614	0.0840	0.1634	0.0937	0.0380	0.1988	16.4472
22	7	256	9.5251	45.3536	0.0840	0.1869	0.1074	0.0380	0.1988	21.2782
22	8	256	9.5251	51.6410	0.0840	0.2105	0.1212	0.0380	0.1988	26.7063
22	9	256	9.5251	58.0166	0.0840	0.2340	0.1350	0.0380	0.1988	32.7314
22	10	256	9.5251	64.3485	0.0840	0.2576	0.1487	0.0380	0.1988	39.3537
22	11	256	9.5251	70.6804	0.0840	0.2811	0.1625	0.0380	0.1988	46.5730
22	12	256	9.5251	77.0119	0.0840	0.3047	0.1763	0.0380	0.1988	54.3894
22	13	256	9.5251	83.3441	0.0840	0.3282	0.1901	0.0380	0.1988	62.8030
22	2	342	12.6817	23.1774	0.0840	0.0795	0.0386	0.0380	0.1988	4.1071
22	3	342	12.6817	34.3615	0.0840	0.1082	0.0523	0.0380	0.1988	7.3536
22	5	342	12.6817	56.7298	0.0840	0.1657	0.0799	0.0380	0.1988	16.2324
22	6	342	12.6817	67.7750	0.0840	0.1944	0.0937	0.0380	0.1988	21.8646
22	7	342	12.6817	78.9138	0.0840	0.2231	0.1074	0.0380	0.1988	28.2922
22	8	342	12.6816	89.9906	0.0840	0.2518	0.1212	0.0380	0.1988	35.5149
22	9	342	12.6817	101.0681	0.0840	0.2805	0.1350	0.0380	0.1988	43.5330
22	10	342	12.6817	112.1456	0.0840	0.3092	0.1487	0.0380	0.1988	52.3464
22	11	342	12.6817	123.2231	0.0840	0.3380	0.1625	0.0380	0.1988	61.9550
22	12	342	12.6817	134.3006	0.0840	0.3667	0.1763	0.0380	0.1988	72.3590
22	13	342	12.6817	145.3781	0.0840	0.3954	0.1901	0.0380	0.1988	83.5583
22	2	512	19.0320	50.9260	0.0840	0.1003	0.0386	0.0380	0.1988	6.1452
22	3	512	19.0320	75.7820	0.0840	0.1394	0.0523	0.0380	0.1988	11.0088
22	5	512	19.0320	125.1404	0.0840	0.2176	0.0799	0.0380	0.1988	24.3177
22	6	512	19.0320	149.7573	0.0840	0.2567	0.0937	0.0380	0.1988	32.7632
22	7	512	19.0320	174.3735	0.0840	0.2959	0.1074	0.0380	0.1988	42.4026
22	8	512	19.0320	198.9897	0.0840	0.3350	0.1212	0.0380	0.1988	53.2360
22	9	512	19.0320	223.6059	0.0840	0.3741	0.1350	0.0380	0.1988	65.2633
22	10	512	19.0320	248.2228	0.0840	0.4132	0.1487	0.0380	0.1988	78.4847
22	11	512	19.0320	272.8390	0.0840	0.4523	0.1625	0.0380	0.1988	92.8998
22	12	512	19.0320	297.4552	0.0840	0.4914	0.1763	0.0380	0.1988	108.5091
22	13	512	19.0320	322.0714	0.0840	0.5306	0.1901	0.0380	0.1988	125.3126
22	2	1024	38.0457	198.0076	0.0840	0.1625	0.0386	0.0380	0.1988	12.2475
22	3	1024	38.0457	295.2467	0.0840	0.2328	0.0523	0.0380	0.1988	21.9528
22	5	1024	38.0457	489.3336	0.0840	0.3733	0.0799	0.0380	0.1988	48.5267
22	6	1024	38.0457	586.3767	0.0840	0.4435	0.0937	0.0380	0.1988	65.3952
22	7	1024	38.0457	683.4198	0.0840	0.5137	0.1074	0.0380	0.1988	84.6517
22	8	1024	38.0458	780.4650	0.0840	0.5840	0.1212	0.0380	0.1988	106.2957
22	9	1024	38.0458	877.5060	0.0840	0.6542	0.1350	0.0380	0.1988	130.3267
22	10	1024	38.0458	974.5470	0.0840	0.7245	0.1487	0.0380	0.1988	156.7461
22	11	1024	38.0458	1071.5950	0.0840	0.7947	0.1625	0.0380	0.1988	185.5532
22	12	1024	38.0458	1168.6360	0.0840	0.8650	0.1763	0.0380	0.1988	216.7487
22	13	1024	38.0458	1265.6770	0.0840	0.9352	0.1901	0.0380	0.1988	250.3312
16	2	128	3.3402	2.5751	0.0693	0.0375	0.0270	0.0266	0.1392	1.0979
16	3	128	3.3402	3.7562	0.0693	0.0486	0.0366	0.0266	0.1392	1.9605
16	5	128	3.3402	6.1183	0.0693	0.0706	0.0559	0.0266	0.1392	4.3127
16	6	128	3.3402	7.2994	0.0693	0.0817	0.0656	0.0266	0.1392	5.8024
16	7	128	3.3402	8.4804	0.0693	0.0927	0.0752	0.0266	0.1392	7.5012
16	8	128	3.3402	9.6615	0.0693	0.1038	0.0848	0.0266	0.1392	9.4090
16	9	128	3.3402	10.8426	0.0693	0.1148	0.0945	0.0266	0.1392	11.5258
16	10	128	3.3402	12.0236	0.0693	0.1258	0.1041	0.0266	0.1392	13.8518
16	11	128	3.3402	13.2047	0.0693	0.1369	0.1138	0.0266	0.1392	16.3867
16	12	128	3.3402	14.3858	0.0693	0.1479	0.1234	0.0266	0.1392	19.1307
16	13	128	3.3402	15.5668	0.0693	0.1589	0.1330	0.0266	0.1392	22.0838
16	2	172	4.4580	4.3880	0.0693	0.0412	0.0270	0.0266	0.1392	1.4567
16	3	172	4.4580	6.4399	0.0693	0.0540	0.0366	0.0266	0.1392	2.6039
16	5	172	4.4580	10.5436	0.0693	0.0798	0.0559	0.0266	0.1392	5.7359
16	6	172	4.4580	12.5955	0.0693	0.0927	0.0656	0.0266	0.1392	7.7208
16	7	172	4.4580	14.6473	0.0693	0.1055	0.0752	0.0266	0.1392	9.9850
16	8	172	4.4580	16.6992	0.0693	0.1184	0.0848	0.0266	0.1392	12.5283
16	9	172	4.4580	18.7510	0.0693	0.1313	0.0945	0.0266	0.1392	15.3509
16	10	172	4.4580	20.8029	0.0693	0.1441	0.1041	0.0266	0.1392	18.4527
16	11	172	4.4580	22.8093	0.0693	0.1570	0.1138	0.0266	0.1392	21.8337
16	12	172	4.4580	24.8570	0.0693	0.1699	0.1234	0.0266	0.1392	25.4940
16	13	172	4.4579	26.9048	0.0693	0.1827	0.1330	0.0266	0.1392	29.4335
16	2	256	6.6676	9.3745	0.0693	0.0484	0.0270	0.0266	0.1392	2.1658
16	3	256	6.6676	13.8491	0.0693	0.0649	0.0366	0.0266	0.1392	3.8757
16	5	256	6.6676	22.7983	0.0693	0.0979	0.0559	0.0266	0.1392	8.5493
16	6	256	6.6676	27.2730	0.0588	0.1144	0.0656	0.0266	0.1392	11.5130
16	7	256	6.6676	31.7475	0.0588	0.1308	0.0752	0.0266	0.1392	14.8947
16	8	256	6.6676	36.1487	0.0588	0.1473	0.0848	0.0266	0.1392	18.6944
16	9	256	6.6676	40.6116	0.0588	0.1638	0.0945	0.0266	0.1392	22.9120
16	10	256	6.6676	45.0439	0.0588	0.1803	0.1041	0.0266	0.1392	27.5476
16	11	256	6.6676	49.4763	0.0588	0.1968	0.1138	0.0266	0.1392	32.6011
16	12	256	6.6676	53.9083	0.0588	0.2133	0.1234	0.0266	0.1392	38.0726
16	13	256	6.6676	58.3409	0.0588	0.2298	0.1330	0.0266	0.1392	43.9621
16	2	342	8.8772	16.2241	0.0588	0.0556	0.0270	0.0266	0.1392	2.8750
16	3	342	8.8772	24.0530	0.0588	0.0757	0.0366	0.0266	0.1392	5.1475
16	5	342	8.8772	39.7108	0.0588	0.1160	0.0559	0.0266	0.1392	11.3627
16	6	342	8.8772	47.4425	0.0588	0.1361	0.0656	0.0266	0.1392	15.3052
16	7	342	8.8772	55.2397	0.0588	0.1562	0.0752	0.0266	0.1392	19.8045
16	8	342	8.8771	62.9934	0.0588	0.1763	0.0848	0.0266	0.1392	24.8604
16	9	342	8.8772	70.7477	0.0588	0.1964	0.0945	0.0266	0.1392	30.4731
16	10	342	8.8772	78.5019	0.0588	0.2165	0.1041	0.0266	0.1392	36.6424
16	11	342	8.8772	86.2562	0.0588	0.2366	0.1138	0.0266	0.1392	43.3685
16	12	342	8.8772	94.0104	0.0588	0.2567	0.1234	0.0266	0.1392	50.6513
16	13	342	8.8772	101.7647	0.0588	0.2768	0.1330	0.0266	0.1392	58.4908
16	2	512	13.3224	35.6482	0.0588	0.0702	0.0270	0.0266	0.1392	4.3016
16	3	512	13.3224	53.0474	0.0588	0.0976	0.0366	0.0266	0.1392	7.7061
16	5	512	13.3224	87.5983	0.0588	0.1523	0.0559	0.0266	0.1392	17.0224
16	6	512	13.3224	104.8301	0.0588	0.1797	0.0656	0.0266	0.1392	22.9343
16	7	512	13.3224	122.0615	0.0588	0.2071	0.0752	0.0266	0.1392	29.6818
16	8	512	13.3224	139.2928	0.0588	0.2345	0.0848	0.0266	0.1392	37.2652
16	9	512	13.3224	156.5241	0.0588	0.2619	0.0945	0.0266	0.1392	45.6843
16	10	512	13.3224	173.7560	0.0588	0.2892	0.1041	0.0266	0.1392	54.9393
16	11	512	13.3224	190.9873	0.0588	0.3166	0.1138	0.0266	0.1392	65.0299
16	12	512	13.3224	208.2186	0.0588	0.3440	0.1234	0.0266	0.1392	75.9564
16	13	512	13.3224	225.4500	0.0588	0.3714	0.1330	0.0266	0.1392	87.7188
16	2	1024	26.6320	138.6053	0.0588	0.1138	0.0270	0.0266	0.1392	8.5732
16	3	1024	26.6320	206.6727	0.0588	0.1629	0.0366	0.0266	0.1392	15.3670
16	5	1024	26.6320	342.5335	0.0588	0.2613	0.0559	0.0266	0.1392	33.9687
16	6	1024	26.6320	410.4637	0.0588	0.3105	0.0656	0.0266	0.1392	45.7766
16	7	1024	26.6320	478.3939	0.0588	0.3596	0.0752	0.0266	0.1392	59.2562
16	8	1024	26.6321	546.3255	0.0588	0.4088	0.0848	0.0266	0.1392	74.4070
16	9	1024	26.6320	614.2542	0.0588	0.4580	0.0945	0.0266	0.1392	91.2287
16	10	1024	26.6320	682.1829	0.0588	0.5071	0.1041	0.0266	0.1392	109.7223
16	11	1024	26.6320	750.1165	0.0588	0.5563	0.1138	0.0266	0.1392	129.8872
16	12	1024	26.6320	818.0452	0.0588	0.6055	0.1234	0.0266	0.1392	151.7241
16	13	1024	26.6320	885.9739	0.0588	0.6546	0.1330	0.0266	0.1392	175.2318
